2692747
2640900
2576069
2514572
2220764
2192572
2182160
1983020
1963965
1918820
1907805
1889932
1840108
1828369
1820390
1783823
1772662
1726135
1711208
1709769
1665638
1594313
1592922
1509177
1500886
1497159
1463771
1455494
1455429
1455405
1455363
1455342
1455329
1452014
1445565
1445564
1436208
1426559
1407169
1341997
1296404
1294417
1294401
1294388
1294368
1294350
1284820
1281409
1279251
1279223
1279200
1279167
1279111
1279074
1279026
1278918
1278867
1278830
1275111
1245729
1232695
1222002
1210500
1188671
1187985
1175306
1155365
1148789
1095864
1081873
1050925
1026935
1018046
1016486
909443
908153
882842
827970
808437
788836
769156
712297
710973
595116
568214
563753
562011
548898
544922
541666
536582
529861
523192
519468
518179
507359
506966
506042
501348
498430
497092
489862
485671
485640
483451
474524
471843
465379
461089
459663
453338
448438
435846
435647
433938
426264
422339
420482
417765
416404
500658
394061
393035
381274
377039
373626
373291
358531
357290
328506
322005
317720
316420
314515
306522
296490
289444
287724
285781
282393
269619
268950
261997
249832
249637
228521
221769
222761
211626
209328
206899
203454
195335
193992
187055
172194
169785
158747
148474
144737
144039
141674
139803
139597
139455
134125
132947
126509
125307
124455
121529
119913
115354
113303
108233
107966
107097
106230
94181
93141
87229
75817
73443
72781
67854
64450
53398
45256
44435
42534
28794
28638
19543
18588
15915
13438
12686
11564
11331
10320
10154